30303030
30303030
30303030
30303030
30303030
30303031
30303031
30303031
30303031
30303032
30303032
30303032
30303032
30303033
30303033
30303033
30303033
30303034
30303034
30303034
30303034
30303035
30303035
30303035
30303035
30303036
30303036
30303036
30303036
30303037
30303037
30303037
30303037
30303038
30303038
30303038
30303038
30303039
30303039
30303039
30303039
30303130
30303130
30303130
30303130
30303130
30303131
30303131
30303131
30303131
30303132
30303132
30303132
30303132
30303133
30303133
30303133
30303133
30303134
30303134
30303134
30303134
30303135
30303135
30303135
30303135
30303136
30303136
30303136
30303136
30303137
30303137
30303137
30303137
30303138
30303138
30303138
30303138
30303139
30303139
30303139
30303139
30303230
30303230
30303230
30303230
30303230
30303231
30303231
30303231
30303231
30303232
30303232
30303232
30303232
30303233
30303233
30303233
30303233
30303234
30303234
30303234
30303234
30303235
30303235
30303235
30303235
30303236
30303236
30303236
30303236
30303237
30303237
30303237
30303237
30303238
30303238
30303238
30303238
30303239
30303239
30303239
30303239
30303330
30303330
30303330
30303330
30303331
30303331
30303331
30303331
30303331
30303332
30303332
30303332
30303332
30303333
30303333
30303333
30303333
30303334
30303334
30303334
30303334
30303335
30303335
30303335
30303335
30303336
30303336
30303336
30303336
30303337
30303337
30303337
30303337
30303338
30303338
30303338
30303338
30303339
30303339
30303339
30303339
30303430
30303430
30303430
30303430
30303431
30303431
30303431
30303431
30303431
30303432
30303432
30303432
30303432
30303433
30303433
30303433
30303433
30303434
30303434
30303434
30303434
30303435
30303435
30303435
30303435
30303436
30303436
30303436
30303436
30303437
30303437
30303437
30303437
30303438
30303438
30303438
30303438
30303439
30303439
30303439
30303439
30303530
30303530
30303530
30303530
30303531
30303531
30303531
30303531
30303532
30303532
30303532
30303532
30303532
30303533
30303533
30303533
30303533
30303534
30303534
30303534
30303534
30303535
30303535
30303535
30303535
30303536
30303536
30303536
30303536
30303537
30303537
30303537
30303537
30303538
30303538
30303538
30303538
30303539
30303539
30303539
30303539
30303630
30303630
30303630
30303630
30303631
30303631
30303631
30303631
30303632
30303632
30303632
30303632
30303632
30303633
30303633
30303633
30303633
30303634
30303634
30303634
30303634
30303635
30303635
30303635
30303635
30303636
30303636
30303636
30303636
30303637
30303637
30303637
30303637
30303638
30303638
30303638
30303638
30303639
30303639
30303639
30303639
30303730
30303730
30303730
30303730
30303731
30303731
30303731
30303731
30303732
30303732
30303732
30303732
30303732
30303733
30303733
30303733
30303733
30303734
30303734
30303734
30303734
30303735
30303735
30303735
30303735
30303736
30303736
30303736
30303736
30303737
30303737
30303737
30303737
30303738
30303738
30303738
30303738
30303739
30303739
30303739
30303739
30303830
30303830
30303830
30303830
30303831
30303831
30303831
30303831
30303832
30303832
30303832
30303832
30303833
30303833
30303833
30303833
30303833
30303834
30303834
30303834
30303834
30303835
30303835
30303835
30303835
30303836
30303836
30303836
30303836
30303837
30303837
30303837
30303837
30303838
30303838
30303838
30303838
30303839
30303839
30303839
30303839
30303930
30303930
30303930
30303930
30303931
30303931
30303931
30303931
30303932
30303932
30303932
30303932
30303933
30303933
30303933
30303933
30303933
30303934
30303934
30303934
30303934
30303935
30303935
30303935
30303935
30303936
30303936
30303936
30303936
30303937
30303937
30303937
30303937
30303938
30303938
30303938
30303938
30303939
30303939
30303939
30303939
30313030
30313030
30313030
30313030
30313031
30313031
30313031
30313031
30313032
30313032
30313032
30313032
30313033
30313033
30313033
30313033
30313034
30313034
30313034
30313034
30313034
30313035
30313035
30313035
30313035
30313036
30313036
30313036
30313036
30313037
30313037
30313037
30313037
30313038
30313038
30313038
30313038
30313039
30313039
30313039
30313039
30313130
30313130
30313130
30313130
30313131
30313131
30313131
30313131
30313132
30313132
30313132
30313132
30313133
30313133
30313133
30313133
30313134
30313134
30313134
30313134
30313134
30313135
30313135
30313135
30313135
30313136
30313136
30313136
30313136
30313137
30313137
30313137
30313137
30313138
30313138
30313138
30313138
30313139
30313139
30313139
30313139
30313230
30313230
30313230
30313230
30313231
30313231
30313231
30313231
30313232
30313232
30313232
30313232
30313233
30313233
30313233
30313233
30313234
30313234
30313234
30313234
30313235
30313235
30313235
30313235
30313235
30313236
30313236
30313236
30313236
30313237
30313237
30313237
30313237
30313238
30313238
30313238
30313238
30313239
30313239
30313239
30313239
30313330
30313330
30313330
30313330
30313331
30313331
30313331
30313331
30313332
30313332
30313332
30313332
30313333
30313333
30313333
30313333
30313334
30313334
30313334
30313334
30313335
30313335
30313335
30313335
30313335
30313336
30313336
30313336
30313336
30313337
30313337
30313337
30313337
30313338
30313338
30313338
30313338
30313339
30313339
30313339
30313339
30313430
30313430
30313430
30313430
30313431
30313431
30313431
30313431
30313432
30313432
30313432
30313432
30313433
30313433
30313433
30313433
30313434
30313434
30313434
30313434
30313435
30313435
30313435
30313435
30313435
30313436
30313436
30313436
30313436
30313437
30313437
30313437
30313437
30313438
30313438
30313438
30313438
30313439
30313439
30313439
30313439
30313530
30313530
30313530
30313530
30313531
30313531
30313531
30313531
30313532
30313532
30313532
30313532
30313533
30313533
30313533
30313533
30313534
30313534
30313534
30313534
30313535
30313535
30313535
30313535
30313536
30313536
30313536
30313536
30313536
30313537
30313537
30313537
30313537
30313538
30313538
30313538
30313538
30313539
30313539
30313539
30313539
30313630
30313630
30313630
30313630
30313631
30313631
30313631
30313631
30313632
30313632
30313632
30313632
30313633
30313633
30313633
30313633
30313634
30313634
30313634
30313634
30313635
30313635
30313635
30313635
30313636
30313636
30313636
30313636
30313636
30313637
30313637
30313637
30313637
30313638
30313638
30313638
30313638
30313639
30313639
30313639
30313639
30313730
30313730
30313730
30313730
30313731
30313731
30313731
30313731
30313732
30313732
30313732
30313732
30313733
30313733
30313733
30313733
30313734
30313734
30313734
30313734
30313735
30313735
30313735
30313735
30313736
30313736
30313736
30313736
30313737
30313737
30313737
30313737
30313737
30313738
30313738
30313738
30313738
30313739
30313739
30313739
30313739
30313830
30313830
30313830
30313830
30313831
30313831
30313831
30313831
30313832
30313832
30313832
30313832
30313833
30313833
30313833
30313833
30313834
30313834
30313834
30313834
30313835
30313835
30313835
30313835
30313836
30313836
30313836
30313836
30313837
30313837
30313837
30313837
30313837
30313838
30313838
30313838
30313838
30313839
30313839
30313839
30313839
30313930
30313930
30313930
30313930
30313931
30313931
30313931
30313931
30313932
30313932
30313932
30313932
30313933
30313933
30313933
30313933
30313934
30313934
30313934
30313934
30313935
30313935
30313935
30313935
30313936
30313936
30313936
30313936
30313937
30313937
30313937
30313937
30313937
30313938
30313938
30313938
30313938
30313939
30313939
30313939
30313939
30323030
30323030
30323030
30323030
30323031
30323031
30323031
30323031
30323032
30323032
30323032
30323032
30323033
30323033
30323033
30323033
30323034
30323034
30323034
30323034
30323035
30323035
30323035
30323035
30323036
30323036
30323036
30323036
30323037
30323037
30323037
30323037
30323038
30323038
30323038
30323038
30323038
30323039
30323039
30323039
30323039
30323130
30323130
30323130
30323130
30323131
30323131
30323131
30323131
30323132
30323132
30323132
30323132
30323133
30323133
30323133
30323133
30323134
30323134
30323134
30323134
30323135
30323135
30323135
30323135
30323136
30323136
30323136
30323136
30323137
30323137
30323137
30323137
30323138
30323138
30323138
30323138
30323138
30323139
30323139
30323139
30323139
30323230
30323230
30323230
30323230
30323231
30323231
30323231
30323231
30323232
30323232
30323232
30323232
30323233
30323233
30323233
30323233
30323234
30323234
30323234
30323234
30323235
30323235
30323235
30323235
30323236
30323236
30323236
30323236
30323237
30323237
30323237
30323237
30323238
30323238
30323238
30323238
30323239
30323239
30323239
30323239
30323239
30323330
30323330
30323330
30323330
30323331
30323331
30323331
30323331
30323332
30323332
30323332
30323332
30323333
30323333
30323333
30323333
30323334
30323334
30323334
30323334
30323335
30323335
30323335
30323335
30323336
30323336
30323336
30323336
30323337
30323337
30323337
30323337
30323338
30323338
30323338
30323338
30323339
30323339
30323339
30323339
30323339
30323430
30323430
30323430
30323430
30323431
30323431
30323431
30323431
30323432
30323432
30323432
30323432
30323433
30323433
30323433
30323433
30323434
30323434
30323434
30323434
30323435
30323435
30323435
30323435
30323436
30323436
30323436
30323436
30323437
30323437
30323437
30323437
30323438
30323438
30323438
30323438
30323439
30323439
30323439
30323439
30323530
30323530
30323530
30323530
30323530
30323531
30323531
30323531
30323531
30323532
30323532
30323532
30323532
30323533
30323533
30323533
30323533
30323534
30323534
30323534
30323534
30323535
30323535
30323535
30323535
30323536
30323536
30323536
30323536
30323537
30323537
30323537
30323537
30323538
30323538
30323538
30323538
30323539
30323539
30323539
30323539
30323630
30323630
30323630
30323630
30323630
30323631
30323631
30323631
30323631
30323632
30323632
30323632
30323632
30323633
30323633
30323633
30323633
30323634
30323634
30323634
30323634
30323635
30323635
30323635
30323635
30323636
30323636
30323636
30323636
30323637
30323637
30323637
30323637
30323638
30323638
30323638
30323638
30323639
30323639
30323639
30323639
30323730
30323730
30323730
30323730
30323730
30323731
30323731
30323731
30323731
30323732
30323732
30323732
30323732
30323733
30323733
30323733
30323733
30323734
30323734
30323734
30323734
30323735
30323735
30323735
30323735
30323736
30323736
30323736
30323736
30323737
30323737
30323737
30323737
30323738
30323738
30323738
30323738
30323739
30323739
30323739
30323739
30323830
30323830
30323830
30323830
30323831
30323831
30323831
30323831
30323831
30323832
30323832
30323832
30323832
30323833
30323833
30323833
30323833
30323834
30323834
30323834
30323834
30323835
30323835
30323835
30323835
30323836
30323836
30323836
30323836
30323837
30323837
30323837
30323837
30323838
30323838
30323838
30323838
30323839
30323839
30323839
30323839
30323930
30323930
30323930
30323930
30323931
30323931
30323931
30323931
30323931
30323932
30323932
30323932
30323932
30323933
30323933
30323933
30323933
30323934
30323934
30323934
30323934
30323935
30323935
30323935
30323935
30323936
30323936
30323936
30323936
30323937
30323937
30323937
30323937
30323938
30323938
30323938
30323938
30323939
30323939
30323939
30323939
30333030
30333030
30333030
30333030
30333031
30333031
30333031
30333031
30333032
30333032
30333032
30333032
30333032
30333033
30333033
30333033
30333033
30333034
30333034
30333034
30333034
30333035
30333035
30333035
30333035
30333036
30333036
30333036
30333036
30333037
30333037
30333037
30333037
30333038
30333038
30333038
30333038
30333039
30333039
30333039
30333039
30333130
30333130
30333130
30333130
30333131
30333131
30333131
30333131
30333132
30333132
30333132
30333132
30333132
30333133
30333133
30333133
30333133
30333134
30333134
30333134
30333134
30333135
30333135
30333135
30333135
30333136
30333136
30333136
30333136
30333137
30333137
30333137
30333137
30333138
30333138
30333138
30333138
30333139
30333139
30333139
30333139
30333230
30333230
30333230
30333230
30333231
30333231
30333231
30333231
30333232
30333232
30333232
30333232
30333232
30333233
30333233
30333233
30333233
30333234
30333234
30333234
30333234
30333235
30333235
30333235
30333235
30333236
30333236
30333236
30333236
30333237
30333237
30333237
30333237
30333238
30333238
30333238
30333238
30333239
30333239
30333239
30333239
30333330
30333330
30333330
30333330
30333331
30333331
30333331
30333331
30333332
30333332
30333332
30333332
30333333
30333333
30333333
30333333
30333333
30333334
30333334
30333334
30333334
30333335
30333335
30333335
30333335
30333336
30333336
30333336
30333336
30333337
30333337
30333337
30333337
30333338
30333338
30333338
30333338
30333339
30333339
30333339
30333339
30333430
30333430
30333430
30333430
30333431
30333431
30333431
30333431
30333432
30333432
30333432
30333432
30333433
30333433
30333433
30333433
30333433
30333434
30333434
30333434
30333434
30333435
30333435
30333435
30333435
30333436
30333436
30333436
30333436
30333437
30333437
30333437
30333437
30333438
30333438
30333438
30333438
30333439
30333439
30333439
30333439
30333530
30333530
30333530
30333530
30333531
30333531
30333531
30333531
30333532
30333532
30333532
30333532
30333533
30333533
30333533
30333533
30333534
30333534
30333534
30333534
30333534
30333535
30333535
30333535
30333535
30333536
30333536
30333536
30333536
30333537
30333537
30333537
30333537
30333538
30333538
30333538
30333538
30333539
30333539
30333539
30333539
30333630
30333630
30333630
30333630
30333631
30333631
30333631
30333631
30333632
30333632
30333632
30333632
30333633
30333633
30333633
30333633
30333634
30333634
30333634
30333634
30333634
30333635
30333635
30333635
30333635
30333636
30333636
30333636
30333636
30333637
30333637
30333637
30333637
30333638
30333638
30333638
30333638
30333639
30333639
30333639
30333639
30333730
30333730
30333730
30333730
30333731
30333731
30333731
30333731
30333732
30333732
30333732
30333732
30333733
30333733
30333733
30333733
30333734
30333734
30333734
30333734
30333735
30333735
30333735
30333735
30333735
30333736
30333736
30333736
30333736
30333737
30333737
30333737
30333737
30333738
30333738
30333738
30333738
30333739
30333739
30333739
30333739
30333830
30333830
30333830
30333830
30333831
30333831
30333831
30333831
30333832
30333832
30333832
30333832
30333833
30333833
30333833
30333833
30333834
30333834
30333834
30333834
30333835
30333835
30333835
30333835
30333835
30333836
30333836
30333836
30333836
30333837
30333837
30333837
30333837
30333838
30333838
30333838
30333838
30333839
30333839
30333839
30333839
30333930
30333930
30333930
30333930
30333931
30333931
30333931
30333931
30333932
30333932
30333932
30333932
30333933
30333933
30333933
30333933
30333934
30333934
30333934
30333934
30333935
30333935
30333935
30333935
30333935
30333936
30333936
30333936
30333936
30333937
30333937
30333937
30333937
30333938
30333938
30333938
30333938
30333939
30333939
30333939
30333939
30343030
30343030
30343030
30343030
30343031
30343031
30343031
30343031
30343032
30343032
30343032
30343032
30343033
30343033
30343033
30343033
30343034
30343034
30343034
30343034
30343035
30343035
30343035
30343035
30343036
30343036
30343036
30343036
30343036
30343037
30343037
30343037
30343037
30343038
30343038
30343038
30343038
30343039
30343039
30343039
30343039
30343130
30343130
30343130
30343130
30343131
30343131
30343131
30343131
30343132
30343132
30343132
30343132
30343133
30343133
30343133
30343133
30343134
30343134
30343134
30343134
30343135
30343135
30343135
30343135
30343136
30343136
30343136
30343136
30343136
30343137
30343137
30343137
30343137
30343138
30343138
30343138
30343138
30343139
30343139
30343139
30343139
30343230
30343230
30343230
30343230
30343231
30343231
30343231
30343231
30343232
30343232
30343232
30343232
30343233
30343233
30343233
30343233
30343234
30343234
30343234
30343234
30343235
30343235
30343235
30343235
30343236
30343236
30343236
30343236
30343237
30343237
30343237
30343237
30343237
30343238
30343238
30343238
30343238
30343239
30343239
30343239
30343239
30343330
30343330
30343330
30343330
30343331
30343331
30343331
30343331
30343332
30343332
30343332
30343332
30343333
30343333
30343333
30343333
30343334
30343334
30343334
30343334
30343335
30343335
30343335
30343335
30343336
30343336
30343336
30343336
30343337
30343337
30343337
30343337
30343337
30343338
30343338
30343338
30343338
30343339
30343339
30343339
30343339
30343430
30343430
30343430
30343430
30343431
30343431
30343431
30343431
30343432
30343432
30343432
30343432
30343433
30343433
30343433
30343433
30343434
30343434
30343434
30343434
30343435
30343435
30343435
30343435
30343436
30343436
30343436
30343436
30343437
30343437
30343437
30343437
30343437
30343438
30343438
30343438
30343438
30343439
30343439
30343439
30343439
30343530
30343530
30343530
30343530
30343531
30343531
30343531
30343531
30343532
30343532
30343532
30343532
30343533
30343533
30343533
30343533
30343534
30343534
30343534
30343534
30343535
30343535
30343535
30343535
30343536
30343536
30343536
30343536
30343537
30343537
30343537
30343537
30343538
30343538
30343538
30343538
30343538
30343539
30343539
30343539
30343539
30343630
30343630
30343630
30343630
30343631
30343631
30343631
30343631
30343632
30343632
30343632
30343632
30343633
30343633
30343633
30343633
30343634
30343634
30343634
30343634
30343635
30343635
30343635
30343635
30343636
30343636
30343636
30343636
30343637
30343637
30343637
30343637
30343638
30343638
30343638
30343638
30343638
30343639
30343639
30343639
30343639
30343730
30343730
30343730
30343730
30343731
30343731
30343731
30343731
30343732
30343732
30343732
30343732
30343733
30343733
30343733
30343733
30343734
30343734
30343734
30343734
30343735
30343735
30343735
30343735
30343736
30343736
30343736
30343736
30343737
30343737
30343737
30343737
30343738
30343738
30343738
30343738
30343739
30343739
30343739
30343739
30343739
30343830
30343830
30343830
30343830
30343831
30343831
30343831
30343831
30343832
30343832
30343832
30343832
30343833
30343833
30343833
30343833
30343834
30343834
30343834
30343834
30343835
30343835
30343835
30343835
30343836
30343836
30343836
30343836
30343837
30343837
30343837
30343837
30343838
30343838
30343838
30343838
30343839
30343839
30343839
30343839
30343839
30343930
30343930
30343930
30343930
30343931
30343931
30343931
30343931
30343932
30343932
30343932
30343932
30343933
30343933
30343933
30343933
30343934
30343934
30343934
30343934
30343935
30343935
30343935
30343935
30343936
30343936
30343936
30343936
30343937
30343937
30343937
30343937
30343938
30343938
30343938
30343938
30343939
30343939
30343939
30343939
30353030
30353030
30353030
30353030
30353030
30353031
30353031
30353031
30353031
30353032
30353032
30353032
30353032
30353033
30353033
30353033
30353033
30353034
30353034
30353034
30353034
30353035
30353035
30353035
30353035
30353036
30353036
30353036
30353036
30353037
30353037
30353037
30353037
30353038
30353038
30353038
30353038
30353039
30353039
30353039
30353039
30353130
30353130
30353130
30353130
30353130
30353131
30353131
30353131
30353131
30353132
30353132
30353132
30353132
30353133
30353133
30353133
30353133
30353134
30353134
30353134
30353134
30353135
30353135
30353135
30353135
30353136
30353136
30353136
30353136
30353137
30353137
30353137
30353137
30353138
30353138
30353138
30353138
30353139
30353139
30353139
30353139
30353230
30353230
30353230
30353230
30353230
30353231
30353231
30353231
30353231
30353232
30353232
30353232
30353232
30353233
30353233
30353233
30353233
30353234
30353234
30353234
30353234
30353235
30353235
30353235
30353235
30353236
30353236
30353236
30353236
30353237
30353237
30353237
30353237
30353238
30353238
30353238
30353238
30353239
30353239
30353239
30353239
30353330
30353330
30353330
30353330
30353331
30353331
30353331
30353331
30353331
30353332
30353332
30353332
30353332
30353333
30353333
30353333
30353333
30353334
30353334
30353334
30353334
30353335
30353335
30353335
30353335
30353336
30353336
30353336
30353336
30353337
30353337
30353337
30353337
30353338
30353338
30353338
30353338
30353339
30353339
30353339
30353339
30353430
30353430
30353430
30353430
30353431
30353431
30353431
30353431
30353431
30353432
30353432
30353432
30353432
30353433
30353433
30353433
30353433
30353434
30353434
30353434
30353434
30353435
30353435
30353435
30353435
30353436
30353436
30353436
30353436
30353437
30353437
30353437
30353437
30353438
30353438
30353438
30353438
30353439
30353439
30353439
30353439
30353530
30353530
30353530
30353530
30353531
30353531
30353531
30353531
30353532
30353532
30353532
30353532
30353532
30353533
30353533
30353533
30353533
30353534
30353534
30353534
30353534
30353535
30353535
30353535
30353535
30353536
30353536
30353536
30353536
30353537
30353537
30353537
30353537
30353538
30353538
30353538
30353538
30353539
30353539
30353539
30353539
30353630
30353630
30353630
30353630
30353631
30353631
30353631
30353631
30353632
30353632
30353632
30353632
30353632
30353633
30353633
30353633
30353633
30353634
30353634
30353634
30353634
30353635
30353635
30353635
30353635
30353636
30353636
30353636
30353636
30353637
30353637
30353637
30353637
30353638
30353638
30353638
30353638
30353639
30353639
30353639
30353639
30353730
30353730
30353730
30353730
30353731
30353731
30353731
30353731
30353732
30353732
30353732
30353732
30353732
30353733
30353733
30353733
30353733
30353734
30353734
30353734
30353734
30353735
30353735
30353735
30353735
30353736
30353736
30353736
30353736
30353737
30353737
30353737
30353737
30353738
30353738
30353738
30353738
30353739
30353739
30353739
30353739
30353830
30353830
30353830
30353830
30353831
30353831
30353831
30353831
30353832
30353832
30353832
30353832
30353833
30353833
30353833
30353833
30353833
30353834
30353834
30353834
30353834
30353835
30353835
30353835
30353835
30353836
30353836
30353836
30353836
30353837
30353837
30353837
30353837
30353838
30353838
30353838
30353838
30353839
30353839
30353839
30353839
30353930
30353930
30353930
30353930
30353931
30353931
30353931
30353931
30353932
30353932
30353932
30353932
30353933
30353933
30353933
30353933
30353933
30353934
30353934
30353934
30353934
30353935
30353935
30353935
30353935
30353936
30353936
30353936
30353936
30353937
30353937
30353937
30353937
30353938
30353938
30353938
30353938
30353939
30353939
30353939
30353939
30363030
30363030
30363030
30363030
30363031
30363031
30363031
30363031
30363032
30363032
30363032
30363032
30363033
30363033
30363033
30363033
30363034
30363034
30363034
30363034
30363034
30363035
30363035
30363035
30363035
30363036
30363036
30363036
30363036
30363037
30363037
30363037
30363037
30363038
30363038
30363038
30363038
30363039
30363039
30363039
30363039
30363130
30363130
30363130
30363130
30363131
30363131
30363131
30363131
30363132
30363132
30363132
30363132
30363133
30363133
30363133
30363133
30363134
30363134
30363134
30363134
30363134
30363135
30363135
30363135
30363135
30363136
30363136
30363136
30363136
30363137
30363137
30363137
30363137
30363138
30363138
30363138
30363138
30363139
30363139
30363139
30363139
30363230
30363230
30363230
30363230
30363231
30363231
30363231
30363231
30363232
30363232
30363232
30363232
30363233
30363233
30363233
30363233
30363234
30363234
30363234
30363234
30363235
30363235
30363235
30363235
30363235
30363236
30363236
30363236
30363236
30363237
30363237
30363237
30363237
30363238
30363238
30363238
30363238
30363239
30363239
30363239
30363239
30363330
30363330
30363330
30363330
30363331
30363331
30363331
30363331
30363332
30363332
30363332
30363332
30363333
30363333
30363333
30363333
30363334
30363334
30363334
30363334
30363335
30363335
30363335
30363335
30363335
30363336
30363336
30363336
30363336
30363337
30363337
30363337
30363337
30363338
30363338
30363338
30363338
30363339
30363339
30363339
30363339
30363430
30363430
30363430
30363430
30363431
30363431
30363431
30363431
30363432
30363432
30363432
30363432
30363433
30363433
30363433
30363433
30363434
30363434
30363434
30363434
30363435
30363435
30363435
30363435
30363435
30363436
30363436
30363436
30363436
30363437
30363437
30363437
30363437
30363438
30363438
30363438
30363438
30363439
30363439
30363439
30363439
30363530
30363530
30363530
30363530
30363531
30363531
30363531
30363531
30363532
30363532
30363532
30363532
30363533
30363533
30363533
30363533
30363534
30363534
30363534
30363534
30363535
30363535
30363535
30363535
30363536
30363536
30363536
30363536
30363536
30363537
30363537
30363537
30363537
30363538
30363538
30363538
30363538
30363539
30363539
30363539
30363539
30363630
30363630
30363630
30363630
30363631
30363631
30363631
30363631
30363632
30363632
30363632
30363632
30363633
30363633
30363633
30363633
30363634
30363634
30363634
30363634
30363635
30363635
30363635
30363635
30363636
30363636
30363636
30363636
30363636
30363637
30363637
30363637
30363637
30363638
30363638
30363638
30363638
30363639
30363639
30363639
30363639
30363730
30363730
30363730
30363730
30363731
30363731
30363731
30363731
30363732
30363732
30363732
30363732
30363733
30363733
30363733
30363733
30363734
30363734
30363734
30363734
30363735
30363735
30363735
30363735
30363736
30363736
30363736
30363736
30363737
30363737
30363737
30363737
30363737
30363738
30363738
30363738
30363738
30363739
30363739
30363739
30363739
30363830
30363830
30363830
30363830
30363831
30363831
30363831
30363831
30363832
30363832
30363832
30363832
30363833
30363833
30363833
30363833
30363834
30363834
30363834
30363834
30363835
30363835
30363835
30363835
30363836
30363836
30363836
30363836
30363837
30363837
30363837
30363837
30363837
30363838
30363838
30363838
30363838
30363839
30363839
30363839
30363839
30363930
30363930
30363930
30363930
30363931
30363931
30363931
30363931
30363932
30363932
30363932
30363932
30363933
30363933
30363933
30363933
30363934
30363934
30363934
30363934
30363935
30363935
30363935
30363935
30363936
30363936
30363936
30363936
30363937
30363937
30363937
30363937
30363937
30363938
30363938
30363938
30363938
30363939
30363939
30363939
30363939
30373030
30373030
30373030
30373030
30373031
30373031
30373031
30373031
30373032
30373032
30373032
30373032
30373033
30373033
30373033
30373033
30373034
30373034
30373034
30373034
30373035
30373035
30373035
30373035
30373036
30373036
30373036
30373036
30373037
30373037
30373037
30373037
30373038
30373038
30373038
30373038
30373038
30373039
30373039
30373039
30373039
30373130
30373130
30373130
30373130
30373131
30373131
30373131
30373131
30373132
30373132
30373132
30373132
30373133
30373133
30373133
30373133
30373134
30373134
30373134
30373134
30373135
30373135
30373135
30373135
30373136
30373136
30373136
30373136
30373137
30373137
30373137
30373137
30373138
30373138
30373138
30373138
30373138
30373139
30373139
30373139
30373139
30373230
30373230
30373230
30373230
30373231
30373231
30373231
30373231
30373232
30373232
30373232
30373232
30373233
30373233
30373233
30373233
30373234
30373234
30373234
30373234
30373235
30373235
30373235
30373235
30373236
30373236
30373236
30373236
30373237
30373237
30373237
30373237
30373238
30373238
30373238
30373238
30373239
30373239
30373239
30373239
30373239
30373330
30373330
30373330
30373330
30373331
30373331
30373331
30373331
30373332
30373332
30373332
30373332
30373333
30373333
30373333
30373333
30373334
30373334
30373334
30373334
30373335
30373335
30373335
30373335
30373336
30373336
30373336
30373336
30373337
30373337
30373337
30373337
30373338
30373338
30373338
30373338
30373339
30373339
30373339
30373339
30373339
30373430
30373430
30373430
30373430
30373431
30373431
30373431
30373431
30373432
30373432
30373432
30373432
30373433
30373433
30373433
30373433
30373434
30373434
30373434
30373434
30373435
30373435
30373435
30373435
30373436
30373436
30373436
30373436
30373437
30373437
30373437
30373437
30373438
30373438
30373438
30373438
30373439
30373439
30373439
30373439
30373530
30373530
30373530
30373530
30373530
30373531
30373531
30373531
30373531
30373532
30373532
30373532
30373532
30373533
30373533
30373533
30373533
30373534
30373534
30373534
30373534
30373535
30373535
30373535
30373535
30373536
30373536
30373536
30373536
30373537
30373537
30373537
30373537
30373538
30373538
30373538
30373538
30373539
30373539
30373539
30373539
30373630
30373630
30373630
30373630
30373630
30373631
30373631
30373631
30373631
30373632
30373632
30373632
30373632
30373633
30373633
30373633
30373633
30373634
30373634
30373634
30373634
30373635
30373635
30373635
30373635
30373636
30373636
30373636
30373636
30373637
30373637
30373637
30373637
30373638
30373638
30373638
30373638
30373639
30373639
30373639
30373639
30373730
30373730
30373730
30373730
30373730
30373731
30373731
30373731
30373731
30373732
30373732
30373732
30373732
30373733
30373733
30373733
30373733
30373734
30373734
30373734
30373734
30373735
30373735
30373735
30373735
30373736
30373736
30373736
30373736
30373737
30373737
30373737
30373737
30373738
30373738
30373738
30373738
30373739
30373739
30373739
30373739
30373830
30373830
30373830
30373830
30373831
30373831
30373831
30373831
30373831
30373832
30373832
30373832
30373832
30373833
30373833
30373833
30373833
30373834
30373834
30373834
30373834
30373835
30373835
30373835
30373835
30373836
30373836
30373836
30373836
30373837
30373837
30373837
30373837
30373838
30373838
30373838
30373838
30373839
30373839
30373839
30373839
30373930
30373930
30373930
30373930
30373931
30373931
30373931
30373931
30373931
30373932
30373932
30373932
30373932
30373933
30373933
30373933
30373933
30373934
30373934
30373934
30373934
30373935
30373935
30373935
30373935
30373936
30373936
30373936
30373936
30373937
30373937
30373937
30373937
30373938
30373938
30373938
30373938
30373939
30373939
30373939
30373939
30383030
30383030
30383030
30383030
30383031
30383031
30383031
30383031
30383032
30383032
30383032
30383032
30383032
30383033
30383033
30383033
30383033
30383034
30383034
30383034
30383034
30383035
30383035
30383035
30383035
30383036
30383036
30383036
30383036
30383037
30383037
30383037
30383037
30383038
30383038
30383038
30383038
30383039
30383039
30383039
30383039
30383130
30383130
30383130
30383130
30383131
30383131
30383131
30383131
30383132
30383132
30383132
30383132
30383132
30383133
30383133
30383133
30383133
30383134
30383134
30383134
30383134
30383135
30383135
30383135
30383135
30383136
30383136
30383136
30383136
30383137
30383137
30383137
30383137
30383138
30383138
30383138
30383138
30383139
30383139
30383139
30383139
30383230
30383230
30383230
30383230
30383231
30383231
30383231
30383231
30383232
30383232
30383232
30383232
30383232
30383233
30383233
30383233
30383233
30383234
30383234
30383234
30383234
30383235
30383235
30383235
30383235
30383236
30383236
30383236
30383236
30383237
30383237
30383237
30383237
30383238
30383238
30383238
30383238
30383239
30383239
30383239
30383239
30383330
30383330
30383330
30383330
30383331
30383331
30383331
30383331
30383332
30383332
30383332
30383332
30383333
30383333
30383333
30383333
30383333
30383334
30383334
30383334
30383334
30383335
30383335
30383335
30383335
30383336
30383336
30383336
30383336
30383337
30383337
30383337
30383337
30383338
30383338
30383338
30383338
30383339
30383339
30383339
30383339
30383430
30383430
30383430
30383430
30383431
30383431
30383431
30383431
30383432
30383432
30383432
30383432
30383433
30383433
30383433
30383433
30383433
30383434
30383434
30383434
30383434
30383435
30383435
30383435
30383435
30383436
30383436
30383436
30383436
30383437
30383437
30383437
30383437
30383438
30383438
30383438
30383438
30383439
30383439
30383439
30383439
30383530
30383530
30383530
30383530
30383531
30383531
30383531
30383531
30383532
30383532
30383532
30383532
30383533
30383533
30383533
30383533
30383534
30383534
30383534
30383534
30383534
30383535
30383535
30383535
30383535
30383536
30383536
30383536
30383536
30383537
30383537
30383537
30383537
30383538
30383538
30383538
30383538
30383539
30383539
30383539
30383539
30383630
30383630
30383630
30383630
30383631
30383631
30383631
30383631
30383632
30383632
30383632
30383632
30383633
30383633
30383633
30383633
30383634
30383634
30383634
30383634
30383634
30383635
30383635
30383635
30383635
30383636
30383636
30383636
30383636
30383637
30383637
30383637
30383637
30383638
30383638
30383638
30383638
30383639
30383639
30383639
30383639
30383730
30383730
30383730
30383730
30383731
30383731
30383731
30383731
30383732
30383732
30383732
30383732
30383733
30383733
30383733
30383733
30383734
30383734
30383734
30383734
30383735
30383735
30383735
30383735
30383735
30383736
30383736
30383736
30383736
30383737
30383737
30383737
30383737
30383738
30383738
30383738
30383738
30383739
30383739
30383739
30383739
30383830
30383830
30383830
30383830
30383831
30383831
30383831
30383831
30383832
30383832
30383832
30383832
30383833
30383833
30383833
30383833
30383834
30383834
30383834
30383834
30383835
30383835
30383835
30383835
30383835
30383836
30383836
30383836
30383836
30383837
30383837
30383837
30383837
30383838
30383838
30383838
30383838
30383839
30383839
30383839
30383839
30383930
30383930
30383930
30383930
30383931
30383931
30383931
30383931
30383932
30383932
30383932
30383932
30383933
30383933
30383933
30383933
30383934
30383934
30383934
30383934
30383935
30383935
30383935
30383935
30383935
30383936
30383936
30383936
30383936
30383937
30383937
30383937
30383937
30383938
30383938
30383938
30383938
30383939
30383939
30383939
30383939
30393030
30393030
30393030
30393030
30393031
30393031
30393031
30393031
30393032
30393032
30393032
30393032
30393033
30393033
30393033
30393033
30393034
30393034
30393034
30393034
30393035
30393035
30393035
30393035
30393036
30393036
30393036
30393036
30393036
30393037
30393037
30393037
30393037
30393038
30393038
30393038
30393038
30393039
30393039
30393039
30393039
30393130
30393130
30393130
30393130
30393131
30393131
30393131
30393131
30393132
30393132
30393132
30393132
30393133
30393133
30393133
30393133
30393134
30393134
30393134
30393134
30393135
30393135
30393135
30393135
30393136
30393136
30393136
30393136
30393136
30393137
30393137
30393137
30393137
30393138
30393138
30393138
30393138
30393139
30393139
30393139
30393139
30393230
30393230
30393230
30393230
30393231
30393231
30393231
30393231
30393232
30393232
30393232
30393232
30393233
30393233
30393233
30393233
30393234
30393234
30393234
30393234
30393235
30393235
30393235
30393235
30393236
30393236
30393236
30393236
30393237
30393237
30393237
30393237
30393237
30393238
30393238
30393238
30393238
30393239
30393239
30393239
30393239
30393330
30393330
30393330
30393330
30393331
30393331
30393331
30393331
30393332
30393332
30393332
30393332
30393333
30393333
30393333
30393333
30393334
30393334
30393334
30393334
30393335
30393335
30393335
30393335
30393336
30393336
30393336
30393336
30393337
30393337
30393337
30393337
30393337
30393338
30393338
30393338
30393338
30393339
30393339
30393339
30393339
30393430
30393430
30393430
30393430
30393431
30393431
30393431
30393431
30393432
30393432
30393432
30393432
30393433
30393433
30393433
30393433
30393434
30393434
30393434
30393434
30393435
30393435
30393435
30393435
30393436
30393436
30393436
30393436
30393437
30393437
30393437
30393437
30393437
30393438
30393438
30393438
30393438
30393439
30393439
30393439
30393439
30393530
30393530
30393530
30393530
30393531
30393531
30393531
30393531
30393532
30393532
30393532
30393532
30393533
30393533
30393533
30393533
30393534
30393534
30393534
30393534
30393535
30393535
30393535
30393535
30393536
30393536
30393536
30393536
30393537
30393537
30393537
30393537
30393538
30393538
30393538
30393538
30393538
30393539
30393539
30393539
30393539
30393630
30393630
30393630
30393630
30393631
30393631
30393631
30393631
30393632
30393632
30393632
30393632
30393633
30393633
30393633
30393633
30393634
30393634
30393634
30393634
30393635
30393635
30393635
30393635
30393636
30393636
30393636
30393636
30393637
30393637
30393637
30393637
30393638
30393638
30393638
30393638
30393638
30393639
30393639
30393639
30393639
30393730
30393730
30393730
30393730
30393731
30393731
30393731
30393731
30393732
30393732
30393732
30393732
30393733
30393733
30393733
30393733
30393734
30393734
30393734
30393734
30393735
30393735
30393735
30393735
30393736
30393736
30393736
30393736
30393737
30393737
30393737
30393737
30393738
30393738
30393738
30393738
30393739
30393739
30393739
30393739
30393739
30393830
30393830
30393830
30393830
30393831
30393831
30393831
30393831
30393832
30393832
30393832
30393832
30393833
30393833
30393833
30393833
30393834
30393834
30393834
30393834
30393835
30393835
30393835
30393835
30393836
30393836
30393836
30393836
30393837
30393837
30393837
30393837
30393838
30393838
30393838
30393838
30393839
30393839
30393839
30393839
30393839
30393930
30393930
30393930
30393930
30393931
30393931
30393931
30393931
30393932
30393932
30393932
30393932
30393933
30393933
30393933
30393933
30393934
30393934
30393934
30393934
30393935
30393935
30393935
30393935
30393936
30393936
30393936
30393936
30393937
30393937
30393937
30393937
30393938
30393938
30393938
30393938
30393939
30393939
30393939
30393939
